{
  "cells": [
    {
      "cell_type": "code",
      "execution_count": 3,
      "metadata": {
        "id": "wgTWGeTKKaoG"
      },
      "outputs": [],
      "source": [
        "import numpy as np\n",
        "import pandas as pd\n",
        "import matplotlib.pyplot as plt\n",
        "import seaborn as sns\n",
        "from sklearn import tree\n",
        "import graphviz\n",
        "from sklearn.model_selection import train_test_split,GridSearchCV\n",
        "from sklearn.ensemble import RandomForestClassifier\n",
        "from sklearn.neighbors import KNeighborsClassifier\n",
        "from sklearn.tree import DecisionTreeClassifier\n",
        "from sklearn import metrics\n",
        "from sklearn.metrics import accuracy_score,classification_report,confusion_matrix,plot_confusion_matrix\n",
        "from sklearn.preprocessing import StandardScaler, MinMaxScaler\n",
        "from sklearn import svm\n",
        "from sklearn.svm import SVC\n",
        "from sklearn.exceptions import ConvergenceWarning\n",
        "%matplotlib inline"
      ]
    },
    {
      "cell_type": "code",
      "execution_count": 4,
      "metadata": {
        "colab": {
          "base_uri": "https://localhost:8080/",
          "height": 206
        },
        "id": "zmHM-ww2KkDC",
        "outputId": "bd1fcfcc-2fba-4e59-ebaf-c1b0246d13b6"
      },
      "outputs": [
        {
          "output_type": "execute_result",
          "data": {
            "text/plain": [
              "     F1     F2    F3     F4     F5      F6    F7   F8     F9     F10   F11  \\\n",
              "0  11.7   4.02 -4.34   9.90  29.79   89.58  0.63   23  10.35  158.56 -7.88   \n",
              "1  11.7   4.20 -3.68  10.98  17.46  179.58  0.05   11   8.30  110.56 -3.10   \n",
              "2  37.7  25.80  3.60   0.48  12.24  407.58 -0.29  230   4.06  254.56  6.68   \n",
              "3   7.7   5.40  0.30   9.42  19.86  119.58  0.29   12   7.61   66.56 -1.84   \n",
              "4  15.7   5.58 -2.58  16.34  17.49  146.58 -0.64   25   9.86  106.56 -4.36   \n",
              "\n",
              "     F12  F13   F14    F15  Class  \n",
              "0   0.03    1  1.96    NaN  False  \n",
              "1   0.84    1  1.50    NaN  False  \n",
              "2  21.60   10  7.63    NaN   True  \n",
              "3   1.05    1  2.27  12.17   True  \n",
              "4   1.68    1  1.28    NaN  False  "
            ],
            "text/html": [
              "\n",
              "  <div id=\"df-ebe3b9a0-3c22-4e74-a275-ec85327429f4\">\n",
              "    <div class=\"colab-df-container\">\n",
              "      <div>\n",
              "<style scoped>\n",
              "    .dataframe tbody tr th:only-of-type {\n",
              "        vertical-align: middle;\n",
              "    }\n",
              "\n",
              "    .dataframe tbody tr th {\n",
              "        vertical-align: top;\n",
              "    }\n",
              "\n",
              "    .dataframe thead th {\n",
              "        text-align: right;\n",
              "    }\n",
              "</style>\n",
              "<table border=\"1\" class=\"dataframe\">\n",
              "  <thead>\n",
              "    <tr style=\"text-align: right;\">\n",
              "      <th></th>\n",
              "      <th>F1</th>\n",
              "      <th>F2</th>\n",
              "      <th>F3</th>\n",
              "      <th>F4</th>\n",
              "      <th>F5</th>\n",
              "      <th>F6</th>\n",
              "      <th>F7</th>\n",
              "      <th>F8</th>\n",
              "      <th>F9</th>\n",
              "      <th>F10</th>\n",
              "      <th>F11</th>\n",
              "      <th>F12</th>\n",
              "      <th>F13</th>\n",
              "      <th>F14</th>\n",
              "      <th>F15</th>\n",
              "      <th>Class</th>\n",
              "    </tr>\n",
              "  </thead>\n",
              "  <tbody>\n",
              "    <tr>\n",
              "      <th>0</th>\n",
              "      <td>11.7</td>\n",
              "      <td>4.02</td>\n",
              "      <td>-4.34</td>\n",
              "      <td>9.90</td>\n",
              "      <td>29.79</td>\n",
              "      <td>89.58</td>\n",
              "      <td>0.63</td>\n",
              "      <td>23</td>\n",
              "      <td>10.35</td>\n",
              "      <td>158.56</td>\n",
              "      <td>-7.88</td>\n",
              "      <td>0.03</td>\n",
              "      <td>1</td>\n",
              "      <td>1.96</td>\n",
              "      <td>NaN</td>\n",
              "      <td>False</td>\n",
              "    </tr>\n",
              "    <tr>\n",
              "      <th>1</th>\n",
              "      <td>11.7</td>\n",
              "      <td>4.20</td>\n",
              "      <td>-3.68</td>\n",
              "      <td>10.98</td>\n",
              "      <td>17.46</td>\n",
              "      <td>179.58</td>\n",
              "      <td>0.05</td>\n",
              "      <td>11</td>\n",
              "      <td>8.30</td>\n",
              "      <td>110.56</td>\n",
              "      <td>-3.10</td>\n",
              "      <td>0.84</td>\n",
              "      <td>1</td>\n",
              "      <td>1.50</td>\n",
              "      <td>NaN</td>\n",
              "      <td>False</td>\n",
              "    </tr>\n",
              "    <tr>\n",
              "      <th>2</th>\n",
              "      <td>37.7</td>\n",
              "      <td>25.80</td>\n",
              "      <td>3.60</td>\n",
              "      <td>0.48</td>\n",
              "      <td>12.24</td>\n",
              "      <td>407.58</td>\n",
              "      <td>-0.29</td>\n",
              "      <td>230</td>\n",
              "      <td>4.06</td>\n",
              "      <td>254.56</td>\n",
              "      <td>6.68</td>\n",
              "      <td>21.60</td>\n",
              "      <td>10</td>\n",
              "      <td>7.63</td>\n",
              "      <td>NaN</td>\n",
              "      <td>True</td>\n",
              "    </tr>\n",
              "    <tr>\n",
              "      <th>3</th>\n",
              "      <td>7.7</td>\n",
              "      <td>5.40</td>\n",
              "      <td>0.30</td>\n",
              "      <td>9.42</td>\n",
              "      <td>19.86</td>\n",
              "      <td>119.58</td>\n",
              "      <td>0.29</td>\n",
              "      <td>12</td>\n",
              "      <td>7.61</td>\n",
              "      <td>66.56</td>\n",
              "      <td>-1.84</td>\n",
              "      <td>1.05</td>\n",
              "      <td>1</td>\n",
              "      <td>2.27</td>\n",
              "      <td>12.17</td>\n",
              "      <td>True</td>\n",
              "    </tr>\n",
              "    <tr>\n",
              "      <th>4</th>\n",
              "      <td>15.7</td>\n",
              "      <td>5.58</td>\n",
              "      <td>-2.58</td>\n",
              "      <td>16.34</td>\n",
              "      <td>17.49</td>\n",
              "      <td>146.58</td>\n",
              "      <td>-0.64</td>\n",
              "      <td>25</td>\n",
              "      <td>9.86</td>\n",
              "      <td>106.56</td>\n",
              "      <td>-4.36</td>\n",
              "      <td>1.68</td>\n",
              "      <td>1</td>\n",
              "      <td>1.28</td>\n",
              "      <td>NaN</td>\n",
              "      <td>False</td>\n",
              "    </tr>\n",
              "  </tbody>\n",
              "</table>\n",
              "</div>\n",
              "      <button class=\"colab-df-convert\" onclick=\"convertToInteractive('df-ebe3b9a0-3c22-4e74-a275-ec85327429f4')\"\n",
              "              title=\"Convert this dataframe to an interactive table.\"\n",
              "              style=\"display:none;\">\n",
              "        \n",
              "  <svg xmlns=\"http://www.w3.org/2000/svg\" height=\"24px\"viewBox=\"0 0 24 24\"\n",
              "       width=\"24px\">\n",
              "    <path d=\"M0 0h24v24H0V0z\" fill=\"none\"/>\n",
              "    <path d=\"M18.56 5.44l.94 2.06.94-2.06 2.06-.94-2.06-.94-.94-2.06-.94 2.06-2.06.94zm-11 1L8.5 8.5l.94-2.06 2.06-.94-2.06-.94L8.5 2.5l-.94 2.06-2.06.94zm10 10l.94 2.06.94-2.06 2.06-.94-2.06-.94-.94-2.06-.94 2.06-2.06.94z\"/><path d=\"M17.41 7.96l-1.37-1.37c-.4-.4-.92-.59-1.43-.59-.52 0-1.04.2-1.43.59L10.3 9.45l-7.72 7.72c-.78.78-.78 2.05 0 2.83L4 21.41c.39.39.9.59 1.41.59.51 0 1.02-.2 1.41-.59l7.78-7.78 2.81-2.81c.8-.78.8-2.07 0-2.86zM5.41 20L4 18.59l7.72-7.72 1.47 1.35L5.41 20z\"/>\n",
              "  </svg>\n",
              "      </button>\n",
              "      \n",
              "  <style>\n",
              "    .colab-df-container {\n",
              "      display:flex;\n",
              "      flex-wrap:wrap;\n",
              "      gap: 12px;\n",
              "    }\n",
              "\n",
              "    .colab-df-convert {\n",
              "      background-color: #E8F0FE;\n",
              "      border: none;\n",
              "      border-radius: 50%;\n",
              "      cursor: pointer;\n",
              "      display: none;\n",
              "      fill: #1967D2;\n",
              "      height: 32px;\n",
              "      padding: 0 0 0 0;\n",
              "      width: 32px;\n",
              "    }\n",
              "\n",
              "    .colab-df-convert:hover {\n",
              "      background-color: #E2EBFA;\n",
              "      box-shadow: 0px 1px 2px rgba(60, 64, 67, 0.3), 0px 1px 3px 1px rgba(60, 64, 67, 0.15);\n",
              "      fill: #174EA6;\n",
              "    }\n",
              "\n",
              "    [theme=dark] .colab-df-convert {\n",
              "      background-color: #3B4455;\n",
              "      fill: #D2E3FC;\n",
              "    }\n",
              "\n",
              "    [theme=dark] .colab-df-convert:hover {\n",
              "      background-color: #434B5C;\n",
              "      box-shadow: 0px 1px 3px 1px rgba(0, 0, 0, 0.15);\n",
              "      filter: drop-shadow(0px 1px 2px rgba(0, 0, 0, 0.3));\n",
              "      fill: #FFFFFF;\n",
              "    }\n",
              "  </style>\n",
              "\n",
              "      <script>\n",
              "        const buttonEl =\n",
              "          document.querySelector('#df-ebe3b9a0-3c22-4e74-a275-ec85327429f4 button.colab-df-convert');\n",
              "        buttonEl.style.display =\n",
              "          google.colab.kernel.accessAllowed ? 'block' : 'none';\n",
              "\n",
              "        async function convertToInteractive(key) {\n",
              "          const element = document.querySelector('#df-ebe3b9a0-3c22-4e74-a275-ec85327429f4');\n",
              "          const dataTable =\n",
              "            await google.colab.kernel.invokeFunction('convertToInteractive',\n",
              "                                                     [key], {});\n",
              "          if (!dataTable) return;\n",
              "\n",
              "          const docLinkHtml = 'Like what you see? Visit the ' +\n",
              "            '<a target=\"_blank\" href=https://colab.research.google.com/notebooks/data_table.ipynb>data table notebook</a>'\n",
              "            + ' to learn more about interactive tables.';\n",
              "          element.innerHTML = '';\n",
              "          dataTable['output_type'] = 'display_data';\n",
              "          await google.colab.output.renderOutput(dataTable, element);\n",
              "          const docLink = document.createElement('div');\n",
              "          docLink.innerHTML = docLinkHtml;\n",
              "          element.appendChild(docLink);\n",
              "        }\n",
              "      </script>\n",
              "    </div>\n",
              "  </div>\n",
              "  "
            ]
          },
          "metadata": {},
          "execution_count": 4
        }
      ],
      "source": [
        "df= pd.read_csv('/content/CE802_P2_Data.csv')\n",
        "df.head()"
      ]
    },
    {
      "cell_type": "code",
      "execution_count": 5,
      "metadata": {
        "colab": {
          "base_uri": "https://localhost:8080/",
          "height": 206
        },
        "id": "YPFzBinGLh4c",
        "outputId": "2ca8467e-d799-4a86-d574-e3ada1c899ce"
      },
      "outputs": [
        {
          "output_type": "execute_result",
          "data": {
            "text/plain": [
              "     F1     F2     F3    F4     F5      F6    F7   F8     F9     F10   F11  \\\n",
              "0  37.7  33.15   9.26  3.88   5.91  -12.42 -0.77  165   3.32  334.56  4.42   \n",
              "1  17.7  24.30   6.58  3.40  10.47  -57.42 -0.77   20   3.22  224.56  0.28   \n",
              "2  37.7  17.55  10.16 -1.94   6.90   92.58 -0.84  215   4.71   94.56  6.98   \n",
              "3  11.7   2.61  -8.28  8.96  23.22  161.58  1.69    6   8.54   64.56 -6.52   \n",
              "4   7.7   5.55   1.52  8.50  21.66   95.58  2.41   22  10.74  128.56 -3.84   \n",
              "\n",
              "     F12  F13    F14    F15  Class  \n",
              "0  18.75   10   7.78    NaN    NaN  \n",
              "1  15.30   10   8.13    NaN    NaN  \n",
              "2  17.70   10  10.08  13.27    NaN  \n",
              "3   1.32    1   1.80  11.73    NaN  \n",
              "4   2.76    1   2.22  12.31    NaN  "
            ],
            "text/html": [
              "\n",
              "  <div id=\"df-2d43d7d6-3cc0-496b-b67d-1ef8d078326f\">\n",
              "    <div class=\"colab-df-container\">\n",
              "      <div>\n",
              "<style scoped>\n",
              "    .dataframe tbody tr th:only-of-type {\n",
              "        vertical-align: middle;\n",
              "    }\n",
              "\n",
              "    .dataframe tbody tr th {\n",
              "        vertical-align: top;\n",
              "    }\n",
              "\n",
              "    .dataframe thead th {\n",
              "        text-align: right;\n",
              "    }\n",
              "</style>\n",
              "<table border=\"1\" class=\"dataframe\">\n",
              "  <thead>\n",
              "    <tr style=\"text-align: right;\">\n",
              "      <th></th>\n",
              "      <th>F1</th>\n",
              "      <th>F2</th>\n",
              "      <th>F3</th>\n",
              "      <th>F4</th>\n",
              "      <th>F5</th>\n",
              "      <th>F6</th>\n",
              "      <th>F7</th>\n",
              "      <th>F8</th>\n",
              "      <th>F9</th>\n",
              "      <th>F10</th>\n",
              "      <th>F11</th>\n",
              "      <th>F12</th>\n",
              "      <th>F13</th>\n",
              "      <th>F14</th>\n",
              "      <th>F15</th>\n",
              "      <th>Class</th>\n",
              "    </tr>\n",
              "  </thead>\n",
              "  <tbody>\n",
              "    <tr>\n",
              "      <th>0</th>\n",
              "      <td>37.7</td>\n",
              "      <td>33.15</td>\n",
              "      <td>9.26</td>\n",
              "      <td>3.88</td>\n",
              "      <td>5.91</td>\n",
              "      <td>-12.42</td>\n",
              "      <td>-0.77</td>\n",
              "      <td>165</td>\n",
              "      <td>3.32</td>\n",
              "      <td>334.56</td>\n",
              "      <td>4.42</td>\n",
              "      <td>18.75</td>\n",
              "      <td>10</td>\n",
              "      <td>7.78</td>\n",
              "      <td>NaN</td>\n",
              "      <td>NaN</td>\n",
              "    </tr>\n",
              "    <tr>\n",
              "      <th>1</th>\n",
              "      <td>17.7</td>\n",
              "      <td>24.30</td>\n",
              "      <td>6.58</td>\n",
              "      <td>3.40</td>\n",
              "      <td>10.47</td>\n",
              "      <td>-57.42</td>\n",
              "      <td>-0.77</td>\n",
              "      <td>20</td>\n",
              "      <td>3.22</td>\n",
              "      <td>224.56</td>\n",
              "      <td>0.28</td>\n",
              "      <td>15.30</td>\n",
              "      <td>10</td>\n",
              "      <td>8.13</td>\n",
              "      <td>NaN</td>\n",
              "      <td>NaN</td>\n",
              "    </tr>\n",
              "    <tr>\n",
              "      <th>2</th>\n",
              "      <td>37.7</td>\n",
              "      <td>17.55</td>\n",
              "      <td>10.16</td>\n",
              "      <td>-1.94</td>\n",
              "      <td>6.90</td>\n",
              "      <td>92.58</td>\n",
              "      <td>-0.84</td>\n",
              "      <td>215</td>\n",
              "      <td>4.71</td>\n",
              "      <td>94.56</td>\n",
              "      <td>6.98</td>\n",
              "      <td>17.70</td>\n",
              "      <td>10</td>\n",
              "      <td>10.08</td>\n",
              "      <td>13.27</td>\n",
              "      <td>NaN</td>\n",
              "    </tr>\n",
              "    <tr>\n",
              "      <th>3</th>\n",
              "      <td>11.7</td>\n",
              "      <td>2.61</td>\n",
              "      <td>-8.28</td>\n",
              "      <td>8.96</td>\n",
              "      <td>23.22</td>\n",
              "      <td>161.58</td>\n",
              "      <td>1.69</td>\n",
              "      <td>6</td>\n",
              "      <td>8.54</td>\n",
              "      <td>64.56</td>\n",
              "      <td>-6.52</td>\n",
              "      <td>1.32</td>\n",
              "      <td>1</td>\n",
              "      <td>1.80</td>\n",
              "      <td>11.73</td>\n",
              "      <td>NaN</td>\n",
              "    </tr>\n",
              "    <tr>\n",
              "      <th>4</th>\n",
              "      <td>7.7</td>\n",
              "      <td>5.55</td>\n",
              "      <td>1.52</td>\n",
              "      <td>8.50</td>\n",
              "      <td>21.66</td>\n",
              "      <td>95.58</td>\n",
              "      <td>2.41</td>\n",
              "      <td>22</td>\n",
              "      <td>10.74</td>\n",
              "      <td>128.56</td>\n",
              "      <td>-3.84</td>\n",
              "      <td>2.76</td>\n",
              "      <td>1</td>\n",
              "      <td>2.22</td>\n",
              "      <td>12.31</td>\n",
              "      <td>NaN</td>\n",
              "    </tr>\n",
              "  </tbody>\n",
              "</table>\n",
              "</div>\n",
              "      <button class=\"colab-df-convert\" onclick=\"convertToInteractive('df-2d43d7d6-3cc0-496b-b67d-1ef8d078326f')\"\n",
              "              title=\"Convert this dataframe to an interactive table.\"\n",
              "              style=\"display:none;\">\n",
              "        \n",
              "  <svg xmlns=\"http://www.w3.org/2000/svg\" height=\"24px\"viewBox=\"0 0 24 24\"\n",
              "       width=\"24px\">\n",
              "    <path d=\"M0 0h24v24H0V0z\" fill=\"none\"/>\n",
              "    <path d=\"M18.56 5.44l.94 2.06.94-2.06 2.06-.94-2.06-.94-.94-2.06-.94 2.06-2.06.94zm-11 1L8.5 8.5l.94-2.06 2.06-.94-2.06-.94L8.5 2.5l-.94 2.06-2.06.94zm10 10l.94 2.06.94-2.06 2.06-.94-2.06-.94-.94-2.06-.94 2.06-2.06.94z\"/><path d=\"M17.41 7.96l-1.37-1.37c-.4-.4-.92-.59-1.43-.59-.52 0-1.04.2-1.43.59L10.3 9.45l-7.72 7.72c-.78.78-.78 2.05 0 2.83L4 21.41c.39.39.9.59 1.41.59.51 0 1.02-.2 1.41-.59l7.78-7.78 2.81-2.81c.8-.78.8-2.07 0-2.86zM5.41 20L4 18.59l7.72-7.72 1.47 1.35L5.41 20z\"/>\n",
              "  </svg>\n",
              "      </button>\n",
              "      \n",
              "  <style>\n",
              "    .colab-df-container {\n",
              "      display:flex;\n",
              "      flex-wrap:wrap;\n",
              "      gap: 12px;\n",
              "    }\n",
              "\n",
              "    .colab-df-convert {\n",
              "      background-color: #E8F0FE;\n",
              "      border: none;\n",
              "      border-radius: 50%;\n",
              "      cursor: pointer;\n",
              "      display: none;\n",
              "      fill: #1967D2;\n",
              "      height: 32px;\n",
              "      padding: 0 0 0 0;\n",
              "      width: 32px;\n",
              "    }\n",
              "\n",
              "    .colab-df-convert:hover {\n",
              "      background-color: #E2EBFA;\n",
              "      box-shadow: 0px 1px 2px rgba(60, 64, 67, 0.3), 0px 1px 3px 1px rgba(60, 64, 67, 0.15);\n",
              "      fill: #174EA6;\n",
              "    }\n",
              "\n",
              "    [theme=dark] .colab-df-convert {\n",
              "      background-color: #3B4455;\n",
              "      fill: #D2E3FC;\n",
              "    }\n",
              "\n",
              "    [theme=dark] .colab-df-convert:hover {\n",
              "      background-color: #434B5C;\n",
              "      box-shadow: 0px 1px 3px 1px rgba(0, 0, 0, 0.15);\n",
              "      filter: drop-shadow(0px 1px 2px rgba(0, 0, 0, 0.3));\n",
              "      fill: #FFFFFF;\n",
              "    }\n",
              "  </style>\n",
              "\n",
              "      <script>\n",
              "        const buttonEl =\n",
              "          document.querySelector('#df-2d43d7d6-3cc0-496b-b67d-1ef8d078326f button.colab-df-convert');\n",
              "        buttonEl.style.display =\n",
              "          google.colab.kernel.accessAllowed ? 'block' : 'none';\n",
              "\n",
              "        async function convertToInteractive(key) {\n",
              "          const element = document.querySelector('#df-2d43d7d6-3cc0-496b-b67d-1ef8d078326f');\n",
              "          const dataTable =\n",
              "            await google.colab.kernel.invokeFunction('convertToInteractive',\n",
              "                                                     [key], {});\n",
              "          if (!dataTable) return;\n",
              "\n",
              "          const docLinkHtml = 'Like what you see? Visit the ' +\n",
              "            '<a target=\"_blank\" href=https://colab.research.google.com/notebooks/data_table.ipynb>data table notebook</a>'\n",
              "            + ' to learn more about interactive tables.';\n",
              "          element.innerHTML = '';\n",
              "          dataTable['output_type'] = 'display_data';\n",
              "          await google.colab.output.renderOutput(dataTable, element);\n",
              "          const docLink = document.createElement('div');\n",
              "          docLink.innerHTML = docLinkHtml;\n",
              "          element.appendChild(docLink);\n",
              "        }\n",
              "      </script>\n",
              "    </div>\n",
              "  </div>\n",
              "  "
            ]
          },
          "metadata": {},
          "execution_count": 5
        }
      ],
      "source": [
        "df_test= pd.read_csv('/content/CE802_P2_Test.csv')\n",
        "df_test.head()"
      ]
    },
    {
      "cell_type": "markdown",
      "source": [
        "# Create Function to Show result"
      ],
      "metadata": {
        "id": "rkuTlIFq-Adw"
      }
    },
    {
      "cell_type": "code",
      "source": [
        "def Final_result(y_test, y_pred):\n",
        "    \n",
        "# Print Accuracy, Recall, F1 Score, and Precision metrics.\n",
        "    print('Final_Result Metrics:')\n",
        "    print('Accuracy: ' + str(metrics.accuracy_score(y_test, y_pred)))\n",
        "    print('Recall: ' + str(metrics.recall_score(y_test, y_pred,average='macro')))\n",
        "    print('F1 Score: ' + str(metrics.f1_score(y_test, y_pred,average='macro')))\n",
        "    print('Precision: ' + str(metrics.precision_score(y_test, y_pred,average='macro')))"
      ],
      "metadata": {
        "id": "uKyUNJHJ-BYn"
      },
      "execution_count": 6,
      "outputs": []
    },
    {
      "cell_type": "code",
      "execution_count": 7,
      "metadata": {
        "colab": {
          "base_uri": "https://localhost:8080/"
        },
        "id": "AC5brTchNCUn",
        "outputId": "939c96f4-6866-459e-a6f3-67a5c212baeb"
      },
      "outputs": [
        {
          "output_type": "execute_result",
          "data": {
            "text/plain": [
              "F1       1500\n",
              "F2       1500\n",
              "F3       1500\n",
              "F4       1500\n",
              "F5       1500\n",
              "F6       1500\n",
              "F7       1500\n",
              "F8       1500\n",
              "F9       1500\n",
              "F10      1500\n",
              "F11      1500\n",
              "F12      1500\n",
              "F13      1500\n",
              "F14      1500\n",
              "F15       750\n",
              "Class    1500\n",
              "dtype: int64"
            ]
          },
          "metadata": {},
          "execution_count": 7
        }
      ],
      "source": [
        "df.count()"
      ]
    },
    {
      "cell_type": "code",
      "execution_count": 8,
      "metadata": {
        "colab": {
          "base_uri": "https://localhost:8080/"
        },
        "id": "nMJ20cr6M96J",
        "outputId": "41bb06fe-7911-49a2-e2f1-870ae14da60a"
      },
      "outputs": [
        {
          "output_type": "execute_result",
          "data": {
            "text/plain": [
              "750"
            ]
          },
          "metadata": {},
          "execution_count": 8
        }
      ],
      "source": [
        "df.isnull().sum().sum()\n",
        "#df.drop(['F15'],axis=1,inplace=True)\n",
        "# df['F15'] = df['F15'].fillna(0)"
      ]
    },
    {
      "cell_type": "code",
      "source": [
        "df.info()"
      ],
      "metadata": {
        "colab": {
          "base_uri": "https://localhost:8080/"
        },
        "id": "gE4KiJ9cuHYr",
        "outputId": "425d17a6-bb92-4b0b-d7f4-ce689312a6d3"
      },
      "execution_count": 9,
      "outputs": [
        {
          "output_type": "stream",
          "name": "stdout",
          "text": [
            "<class 'pandas.core.frame.DataFrame'>\n",
            "RangeIndex: 1500 entries, 0 to 1499\n",
            "Data columns (total 16 columns):\n",
            " #   Column  Non-Null Count  Dtype  \n",
            "---  ------  --------------  -----  \n",
            " 0   F1      1500 non-null   float64\n",
            " 1   F2      1500 non-null   float64\n",
            " 2   F3      1500 non-null   float64\n",
            " 3   F4      1500 non-null   float64\n",
            " 4   F5      1500 non-null   float64\n",
            " 5   F6      1500 non-null   float64\n",
            " 6   F7      1500 non-null   float64\n",
            " 7   F8      1500 non-null   int64  \n",
            " 8   F9      1500 non-null   float64\n",
            " 9   F10     1500 non-null   float64\n",
            " 10  F11     1500 non-null   float64\n",
            " 11  F12     1500 non-null   float64\n",
            " 12  F13     1500 non-null   int64  \n",
            " 13  F14     1500 non-null   float64\n",
            " 14  F15     750 non-null    float64\n",
            " 15  Class   1500 non-null   bool   \n",
            "dtypes: bool(1), float64(13), int64(2)\n",
            "memory usage: 177.4 KB\n"
          ]
        }
      ]
    },
    {
      "cell_type": "code",
      "execution_count": 10,
      "metadata": {
        "colab": {
          "base_uri": "https://localhost:8080/",
          "height": 551
        },
        "id": "4BgaR_oMLuhM",
        "outputId": "107c9e76-977c-4cab-dcbd-373f7d40a79e"
      },
      "outputs": [
        {
          "output_type": "execute_result",
          "data": {
            "text/plain": [
              "             F1        F2        F3        F4        F5        F6        F7  \\\n",
              "F1     1.000000  0.637508  0.630234 -0.620092 -0.637027  0.238974 -0.336565   \n",
              "F2     0.637508  1.000000  0.755101 -0.753287 -0.762769 -0.194739 -0.276405   \n",
              "F3     0.630234  0.755101  1.000000 -0.802995 -0.826213 -0.215099 -0.167082   \n",
              "F4    -0.620092 -0.753287 -0.802995  1.000000  0.818105  0.192413  0.170702   \n",
              "F5    -0.637027 -0.762769 -0.826213  0.818105  1.000000  0.207080  0.181686   \n",
              "F6     0.238974 -0.194739 -0.215099  0.192413  0.207080  1.000000 -0.251693   \n",
              "F7    -0.336565 -0.276405 -0.167082  0.170702  0.181686 -0.251693  1.000000   \n",
              "F8     0.600153  0.706639  0.679250 -0.676389 -0.675264 -0.069969 -0.012291   \n",
              "F9    -0.611943 -0.750944 -0.804192  0.794590  0.807678  0.207789  0.166323   \n",
              "F10    0.599113  0.672167  0.599455 -0.595590 -0.619599 -0.088436 -0.204661   \n",
              "F11    0.614027  0.763419  0.813816 -0.791322 -0.809473 -0.205886 -0.176375   \n",
              "F12    0.697186  0.834246  0.861852 -0.854378 -0.867305 -0.203882 -0.201330   \n",
              "F13    0.738079  0.888977  0.873724 -0.865109 -0.877293 -0.194345 -0.229981   \n",
              "F14    0.681754  0.837365  0.884842 -0.873428 -0.887500 -0.224060 -0.182643   \n",
              "F15   -0.230740 -0.297380 -0.161148  0.187445  0.176167  0.071379 -0.019036   \n",
              "Class -0.144057 -0.191255 -0.079108  0.079035  0.058308  0.050738 -0.024064   \n",
              "\n",
              "             F8        F9       F10       F11       F12       F13       F14  \\\n",
              "F1     0.600153 -0.611943  0.599113  0.614027  0.697186  0.738079  0.681754   \n",
              "F2     0.706639 -0.750944  0.672167  0.763419  0.834246  0.888977  0.837365   \n",
              "F3     0.679250 -0.804192  0.599455  0.813816  0.861852  0.873724  0.884842   \n",
              "F4    -0.676389  0.794590 -0.595590 -0.791322 -0.854378 -0.865109 -0.873428   \n",
              "F5    -0.675264  0.807678 -0.619599 -0.809473 -0.867305 -0.877293 -0.887500   \n",
              "F6    -0.069969  0.207789 -0.088436 -0.205886 -0.203882 -0.194345 -0.224060   \n",
              "F7    -0.012291  0.166323 -0.204661 -0.176375 -0.201330 -0.229981 -0.182643   \n",
              "F8     1.000000 -0.682649  0.540342  0.690864  0.733312  0.742369  0.755121   \n",
              "F9    -0.682649  1.000000 -0.611131 -0.804545 -0.855536 -0.863027 -0.873595   \n",
              "F10    0.540342 -0.611131  1.000000  0.614240  0.721849  0.744822  0.727545   \n",
              "F11    0.690864 -0.804545  0.614240  1.000000  0.863434  0.868528  0.883349   \n",
              "F12    0.733312 -0.855536  0.721849  0.863434  1.000000  0.954840  0.906307   \n",
              "F13    0.742369 -0.863027  0.744822  0.868528  0.954840  1.000000  0.956640   \n",
              "F14    0.755121 -0.873595  0.727545  0.883349  0.906307  0.956640  1.000000   \n",
              "F15   -0.239084  0.173578 -0.363370 -0.175460 -0.234449 -0.318372 -0.195861   \n",
              "Class -0.152249  0.068795 -0.266599 -0.057144 -0.135190 -0.203649 -0.080522   \n",
              "\n",
              "            F15     Class  \n",
              "F1    -0.230740 -0.144057  \n",
              "F2    -0.297380 -0.191255  \n",
              "F3    -0.161148 -0.079108  \n",
              "F4     0.187445  0.079035  \n",
              "F5     0.176167  0.058308  \n",
              "F6     0.071379  0.050738  \n",
              "F7    -0.019036 -0.024064  \n",
              "F8    -0.239084 -0.152249  \n",
              "F9     0.173578  0.068795  \n",
              "F10   -0.363370 -0.266599  \n",
              "F11   -0.175460 -0.057144  \n",
              "F12   -0.234449 -0.135190  \n",
              "F13   -0.318372 -0.203649  \n",
              "F14   -0.195861 -0.080522  \n",
              "F15    1.000000  0.729540  \n",
              "Class  0.729540  1.000000  "
            ],
            "text/html": [
              "\n",
              "  <div id=\"df-f33cbc33-8973-4cd1-8233-8c86648ce376\">\n",
              "    <div class=\"colab-df-container\">\n",
              "      <div>\n",
              "<style scoped>\n",
              "    .dataframe tbody tr th:only-of-type {\n",
              "        vertical-align: middle;\n",
              "    }\n",
              "\n",
              "    .dataframe tbody tr th {\n",
              "        vertical-align: top;\n",
              "    }\n",
              "\n",
              "    .dataframe thead th {\n",
              "        text-align: right;\n",
              "    }\n",
              "</style>\n",
              "<table border=\"1\" class=\"dataframe\">\n",
              "  <thead>\n",
              "    <tr style=\"text-align: right;\">\n",
              "      <th></th>\n",
              "      <th>F1</th>\n",
              "      <th>F2</th>\n",
              "      <th>F3</th>\n",
              "      <th>F4</th>\n",
              "      <th>F5</th>\n",
              "      <th>F6</th>\n",
              "      <th>F7</th>\n",
              "      <th>F8</th>\n",
              "      <th>F9</th>\n",
              "      <th>F10</th>\n",
              "      <th>F11</th>\n",
              "      <th>F12</th>\n",
              "      <th>F13</th>\n",
              "      <th>F14</th>\n",
              "      <th>F15</th>\n",
              "      <th>Class</th>\n",
              "    </tr>\n",
              "  </thead>\n",
              "  <tbody>\n",
              "    <tr>\n",
              "      <th>F1</th>\n",
              "      <td>1.000000</td>\n",
              "      <td>0.637508</td>\n",
              "      <td>0.630234</td>\n",
              "      <td>-0.620092</td>\n",
              "      <td>-0.637027</td>\n",
              "      <td>0.238974</td>\n",
              "      <td>-0.336565</td>\n",
              "      <td>0.600153</td>\n",
              "      <td>-0.611943</td>\n",
              "      <td>0.599113</td>\n",
              "      <td>0.614027</td>\n",
              "      <td>0.697186</td>\n",
              "      <td>0.738079</td>\n",
              "      <td>0.681754</td>\n",
              "      <td>-0.230740</td>\n",
              "      <td>-0.144057</td>\n",
              "    </tr>\n",
              "    <tr>\n",
              "      <th>F2</th>\n",
              "      <td>0.637508</td>\n",
              "      <td>1.000000</td>\n",
              "      <td>0.755101</td>\n",
              "      <td>-0.753287</td>\n",
              "      <td>-0.762769</td>\n",
              "      <td>-0.194739</td>\n",
              "      <td>-0.276405</td>\n",
              "      <td>0.706639</td>\n",
              "      <td>-0.750944</td>\n",
              "      <td>0.672167</td>\n",
              "      <td>0.763419</td>\n",
              "      <td>0.834246</td>\n",
              "      <td>0.888977</td>\n",
              "      <td>0.837365</td>\n",
              "      <td>-0.297380</td>\n",
              "      <td>-0.191255</td>\n",
              "    </tr>\n",
              "    <tr>\n",
              "      <th>F3</th>\n",
              "      <td>0.630234</td>\n",
              "      <td>0.755101</td>\n",
              "      <td>1.000000</td>\n",
              "      <td>-0.802995</td>\n",
              "      <td>-0.826213</td>\n",
              "      <td>-0.215099</td>\n",
              "      <td>-0.167082</td>\n",
              "      <td>0.679250</td>\n",
              "      <td>-0.804192</td>\n",
              "      <td>0.599455</td>\n",
              "      <td>0.813816</td>\n",
              "      <td>0.861852</td>\n",
              "      <td>0.873724</td>\n",
              "      <td>0.884842</td>\n",
              "      <td>-0.161148</td>\n",
              "      <td>-0.079108</td>\n",
              "    </tr>\n",
              "    <tr>\n",
              "      <th>F4</th>\n",
              "      <td>-0.620092</td>\n",
              "      <td>-0.753287</td>\n",
              "      <td>-0.802995</td>\n",
              "      <td>1.000000</td>\n",
              "      <td>0.818105</td>\n",
              "      <td>0.192413</td>\n",
              "      <td>0.170702</td>\n",
              "      <td>-0.676389</td>\n",
              "      <td>0.794590</td>\n",
              "      <td>-0.595590</td>\n",
              "      <td>-0.791322</td>\n",
              "      <td>-0.854378</td>\n",
              "      <td>-0.865109</td>\n",
              "      <td>-0.873428</td>\n",
              "      <td>0.187445</td>\n",
              "      <td>0.079035</td>\n",
              "    </tr>\n",
              "    <tr>\n",
              "      <th>F5</th>\n",
              "      <td>-0.637027</td>\n",
              "      <td>-0.762769</td>\n",
              "      <td>-0.826213</td>\n",
              "      <td>0.818105</td>\n",
              "      <td>1.000000</td>\n",
              "      <td>0.207080</td>\n",
              "      <td>0.181686</td>\n",
              "      <td>-0.675264</td>\n",
              "      <td>0.807678</td>\n",
              "      <td>-0.619599</td>\n",
              "      <td>-0.809473</td>\n",
              "      <td>-0.867305</td>\n",
              "      <td>-0.877293</td>\n",
              "      <td>-0.887500</td>\n",
              "      <td>0.176167</td>\n",
              "      <td>0.058308</td>\n",
              "    </tr>\n",
              "    <tr>\n",
              "      <th>F6</th>\n",
              "      <td>0.238974</td>\n",
              "      <td>-0.194739</td>\n",
              "      <td>-0.215099</td>\n",
              "      <td>0.192413</td>\n",
              "      <td>0.207080</td>\n",
              "      <td>1.000000</td>\n",
              "      <td>-0.251693</td>\n",
              "      <td>-0.069969</td>\n",
              "      <td>0.207789</td>\n",
              "      <td>-0.088436</td>\n",
              "      <td>-0.205886</td>\n",
              "      <td>-0.203882</td>\n",
              "      <td>-0.194345</td>\n",
              "      <td>-0.224060</td>\n",
              "      <td>0.071379</td>\n",
              "      <td>0.050738</td>\n",
              "    </tr>\n",
              "    <tr>\n",
              "      <th>F7</th>\n",
              "      <td>-0.336565</td>\n",
              "      <td>-0.276405</td>\n",
              "      <td>-0.167082</td>\n",
              "      <td>0.170702</td>\n",
              "      <td>0.181686</td>\n",
              "      <td>-0.251693</td>\n",
              "      <td>1.000000</td>\n",
              "      <td>-0.012291</td>\n",
              "      <td>0.166323</td>\n",
              "      <td>-0.204661</td>\n",
              "      <td>-0.176375</td>\n",
              "      <td>-0.201330</td>\n",
              "      <td>-0.229981</td>\n",
              "      <td>-0.182643</td>\n",
              "      <td>-0.019036</td>\n",
              "      <td>-0.024064</td>\n",
              "    </tr>\n",
              "    <tr>\n",
              "      <th>F8</th>\n",
              "      <td>0.600153</td>\n",
              "      <td>0.706639</td>\n",
              "      <td>0.679250</td>\n",
              "      <td>-0.676389</td>\n",
              "      <td>-0.675264</td>\n",
              "      <td>-0.069969</td>\n",
              "      <td>-0.012291</td>\n",
              "      <td>1.000000</td>\n",
              "      <td>-0.682649</td>\n",
              "      <td>0.540342</td>\n",
